[gd_scene load_steps=4 format=3 uid="uid://chkfqdc5y3rbq"]

[ext_resource type="PackedScene" uid="uid://bbvj1h64yxywt" path="res://assets/players_blasters/shotgunB.glb" id="1_a73jg"]
[ext_resource type="Texture2D" uid="uid://dhpnd5gmm1ko5" path="res://assets/players_blasters/blasters_textures/shotgunB.png" id="2_277ms"]
[ext_resource type="Script" uid="uid://dh6cjiv8gghvq" path="res://assets/players_blasters/weapons.gd" id="2_i15op"]

[node name="shotgunB" instance=ExtResource("1_a73jg")]
script = ExtResource("2_i15op")
color = Color(0.529412, 0.368627, 1, 1)
texture = ExtResource("2_277ms")
weapon_stats = {
"bullet_damage": 0.53,
"bullet_lifetime": 0.2,
"bullet_size": 0.3,
"bullet_speed": 25.0,
"bullet_z_size": 0.5,
"shooting_speed": 0.7
}

[node name="Marker3D" type="Marker3D" parent="." index="1"]
transform = Transform3D(1, 0, 0, 0, 1, 0, 0, 0, 1, 0, 0.0777576, 0.430457)

[node name="Marker3D2" type="Marker3D" parent="." index="2"]
transform = Transform3D(-0.99945, 8.74228e-08, -0.0331552, -8.73747e-08, -1, -2.89852e-09, -0.0331552, 0, 0.99945, 0, 0.0777576, 0.430457)

[node name="Marker3D3" type="Marker3D" parent="." index="3"]
transform = Transform3D(-0.997564, 8.74228e-08, -0.0697565, -8.72098e-08, -1, -6.0983e-09, -0.0697565, 0, 0.997564, 0, 0.0777576, 0.430457)

[node name="Marker3D6" type="Marker3D" parent="." index="4"]
transform = Transform3D(0.99945, 0, 0.0331552, 0, 1, 0, -0.0331552, 0, 0.99945, 0, 0.0777576, 0.430457)

[node name="Marker3D7" type="Marker3D" parent="." index="5"]
transform = Transform3D(0.997564, 0, 0.0697565, 0, 1, 0, -0.0697565, 0, 0.997564, 0, 0.0777576, 0.430457)

[node name="Marker3D8" type="Marker3D" parent="." index="6"]
transform = Transform3D(-4.36874e-08, -1, -1.44926e-09, 0.99945, -4.37114e-08, 0.0331552, -0.0331552, 0, 0.99945, 0, 0.0777576, 0.430457)

[node name="Marker3D9" type="Marker3D" parent="." index="7"]
transform = Transform3D(-4.36049e-08, -1, -3.04915e-09, 0.997564, -4.37114e-08, 0.0697565, -0.0697565, 0, 0.997564, 0, 0.0777576, 0.430457)

[node name="Marker3D10" type="Marker3D" parent="." index="8"]
transform = Transform3D(-4.36874e-08, 1, -1.44926e-09, -0.99945, -4.37114e-08, -0.0331552, -0.0331552, 0, 0.99945, 0, 0.0777576, 0.430457)

[node name="Marker3D11" type="Marker3D" parent="." index="9"]
transform = Transform3D(-4.36049e-08, 1, -3.04915e-09, -0.997564, -4.37114e-08, -0.0697565, -0.0697565, 0, 0.997564, 0, 0.0777576, 0.430457)

[node name="Marker3D12" type="Marker3D" parent="." index="10"]
transform = Transform3D(0.706718, -0.707107, 0.0234443, 0.706718, 0.707107, 0.0234443, -0.0331552, 0, 0.99945, 0, 0.0777576, 0.430457)

[node name="Marker3D13" type="Marker3D" parent="." index="11"]
transform = Transform3D(0.705384, -0.707107, 0.0493253, 0.705384, 0.707107, 0.0493253, -0.0697565, 0, 0.997564, 0, 0.0777576, 0.430457)

[node name="Marker3D14" type="Marker3D" parent="." index="12"]
transform = Transform3D(-0.706718, 0.707107, -0.0234443, -0.706718, -0.707107, -0.0234443, -0.0331552, 0, 0.99945, 0, 0.0777576, 0.430457)

[node name="Marker3D15" type="Marker3D" parent="." index="13"]
transform = Transform3D(-0.705384, 0.707107, -0.0493253, -0.705384, -0.707107, -0.0493253, -0.0697565, 0, 0.997564, 0, 0.0777576, 0.430457)

[node name="Marker3D16" type="Marker3D" parent="." index="14"]
transform = Transform3D(0.706718, 0.707107, 0.0234443, -0.706718, 0.707107, -0.0234443, -0.0331552, 0, 0.99945, 0, 0.0777576, 0.430457)

[node name="Marker3D17" type="Marker3D" parent="." index="15"]
transform = Transform3D(0.705384, 0.707107, 0.0493253, -0.705384, 0.707107, -0.0493253, -0.0697565, 0, 0.997564, 0, 0.0777576, 0.430457)

[node name="Marker3D18" type="Marker3D" parent="." index="16"]
transform = Transform3D(-0.706718, -0.707107, -0.0234442, 0.706718, -0.707107, 0.0234443, -0.0331552, 0, 0.99945, 0, 0.0777576, 0.430457)

[node name="Marker3D19" type="Marker3D" parent="." index="17"]
transform = Transform3D(-0.705384, -0.707107, -0.0493253, 0.705384, -0.707107, 0.0493253, -0.0697565, 0, 0.997564, 0, 0.0777576, 0.430457)
